time	V(v_out)	I(I1)
0.000000000000000e+00	5.005057e+00	1.000000e+00
5.052999999951461e-05	5.005057e+00	1.000000e+00
1.017299999995159e-04	5.005057e+00	1.000000e+00
1.529299999995171e-04	5.005057e+00	1.000000e+00
2.000000000000000e-04	5.005057e+00	1.000000e+00
2.000350000000000e-04	5.005080e+00	9.993700e-01
2.000750000000000e-04	5.005106e+00	9.986500e-01
2.001250000000000e-04	5.005139e+00	9.977500e-01
2.001750000000000e-04	5.005174e+00	9.968500e-01
2.002250000000000e-04	5.005209e+00	9.959500e-01
2.002750000000000e-04	5.005245e+00	9.950500e-01
2.003250000000000e-04	5.005281e+00	9.941500e-01
2.003750000000000e-04	5.005319e+00	9.932500e-01
2.004250000000000e-04	5.005357e+00	9.923500e-01
2.004750000000000e-04	5.005396e+00	9.914500e-01
2.005250000000000e-04	5.005435e+00	9.905500e-01
2.005750000000000e-04	5.005475e+00	9.896500e-01
2.006250000000000e-04	5.005515e+00	9.887500e-01
2.006750000000000e-04	5.005555e+00	9.878500e-01
2.007750000000000e-04	5.005637e+00	9.860500e-01
2.008750000000000e-04	5.005720e+00	9.842500e-01
2.009750000000000e-04	5.005804e+00	9.824500e-01
2.010750000000000e-04	5.005888e+00	9.806500e-01
2.011750000000000e-04	5.005972e+00	9.788500e-01
2.012750000000000e-04	5.006057e+00	9.770500e-01
2.013750000000000e-04	5.006141e+00	9.752500e-01
2.015250000000000e-04	5.006266e+00	9.725500e-01
2.016750000000000e-04	5.006390e+00	9.698500e-01
2.018250000000000e-04	5.006513e+00	9.671500e-01
2.019750000000000e-04	5.006633e+00	9.644500e-01
2.020607142857143e-04	5.006701e+00	9.629071e-01
2.021464285714286e-04	5.006769e+00	9.613643e-01
2.022321428571429e-04	5.006836e+00	9.598214e-01
2.023178571428572e-04	5.006903e+00	9.582786e-01
2.024035714285715e-04	5.006969e+00	9.567357e-01
2.024892857142858e-04	5.007034e+00	9.551929e-01
2.025750000000001e-04	5.007099e+00	9.536500e-01
2.026750000000001e-04	5.007174e+00	9.518500e-01
2.027750000000001e-04	5.007249e+00	9.500500e-01
2.028750000000001e-04	5.007323e+00	9.482500e-01
2.029750000000001e-04	5.007397e+00	9.464500e-01
2.030750000000001e-04	5.007471e+00	9.446500e-01
2.031750000000001e-04	5.007544e+00	9.428500e-01
2.032750000000001e-04	5.007617e+00	9.410500e-01
2.033750000000001e-04	5.007690e+00	9.392500e-01
2.034750000000001e-04	5.007763e+00	9.374500e-01
2.035250000000001e-04	5.007800e+00	9.365500e-01
2.035750000000001e-04	5.007836e+00	9.356500e-01
2.036250000000001e-04	5.007873e+00	9.347500e-01
2.036750000000001e-04	5.007909e+00	9.338500e-01
2.037250000000001e-04	5.007945e+00	9.329500e-01
2.037750000000001e-04	5.007981e+00	9.320500e-01
2.038250000000001e-04	5.008018e+00	9.311500e-01
2.038750000000001e-04	5.008054e+00	9.302500e-01
2.039250000000001e-04	5.008090e+00	9.293500e-01
2.039750000000001e-04	5.008127e+00	9.284500e-01
2.040250000000001e-04	5.008163e+00	9.275500e-01
2.040750000000001e-04	5.008200e+00	9.266500e-01
2.041250000000001e-04	5.008236e+00	9.257500e-01
2.041750000000001e-04	5.008273e+00	9.248500e-01
2.042250000000001e-04	5.008309e+00	9.239500e-01
2.042750000000001e-04	5.008346e+00	9.230500e-01
2.043750000000001e-04	5.008419e+00	9.212500e-01
2.044750000000001e-04	5.008492e+00	9.194500e-01
2.045750000000001e-04	5.008565e+00	9.176500e-01
2.046750000000001e-04	5.008638e+00	9.158500e-01
2.048250000000001e-04	5.008748e+00	9.131500e-01
2.049035714285715e-04	5.008806e+00	9.117357e-01
2.049821428571430e-04	5.008863e+00	9.103215e-01
2.050607142857144e-04	5.008921e+00	9.089072e-01
2.051392857142858e-04	5.008978e+00	9.074929e-01
2.052178571428573e-04	5.009035e+00	9.060786e-01
2.052964285714287e-04	5.009093e+00	9.046643e-01
2.053750000000001e-04	5.009150e+00	9.032500e-01
2.055892857142858e-04	5.009306e+00	8.993928e-01
2.058035714285716e-04	5.009460e+00	8.955357e-01
2.060178571428573e-04	5.009612e+00	8.916786e-01
2.062321428571430e-04	5.009763e+00	8.878214e-01
2.064464285714287e-04	5.009912e+00	8.839643e-01
2.066607142857145e-04	5.010059e+00	8.801072e-01
2.068750000000002e-04	5.010204e+00	8.762500e-01
2.070035714285716e-04	5.010290e+00	8.739357e-01
2.071321428571430e-04	5.010375e+00	8.716214e-01
2.072607142857145e-04	5.010460e+00	8.693071e-01
2.073892857142859e-04	5.010543e+00	8.669929e-01
2.075178571428573e-04	5.010625e+00	8.646786e-01
2.076464285714287e-04	5.010707e+00	8.623643e-01
2.077750000000002e-04	5.010787e+00	8.600500e-01
2.079892857142859e-04	5.010920e+00	8.561929e-01
2.082035714285716e-04	5.011050e+00	8.523357e-01
2.084178571428573e-04	5.011177e+00	8.484786e-01
2.086321428571431e-04	5.011302e+00	8.446214e-01
2.088464285714288e-04	5.011425e+00	8.407643e-01
2.090607142857145e-04	5.011545e+00	8.369071e-01
2.092750000000002e-04	5.011662e+00	8.330500e-01
2.094464285714288e-04	5.011755e+00	8.299643e-01
2.096178571428574e-04	5.011846e+00	8.268786e-01
2.097892857142859e-04	5.011936e+00	8.237929e-01
2.099607142857145e-04	5.012024e+00	8.207072e-01
2.101321428571431e-04	5.012110e+00	8.176214e-01
2.103035714285717e-04	5.012196e+00	8.145357e-01
2.104750000000003e-04	5.012279e+00	8.114500e-01
2.109035714285717e-04	5.012481e+00	8.037357e-01
2.113321428571431e-04	5.012674e+00	7.960214e-01
2.117607142857146e-04	5.012859e+00	7.883071e-01
2.121892857142860e-04	5.013034e+00	7.805929e-01
2.126178571428574e-04	5.013201e+00	7.728786e-01
2.130464285714289e-04	5.013359e+00	7.651643e-01
2.134750000000003e-04	5.013509e+00	7.574500e-01
2.139892857142860e-04	5.013676e+00	7.481928e-01
2.145035714285718e-04	5.013834e+00	7.389357e-01
2.150178571428575e-04	5.013982e+00	7.296785e-01
2.155321428571432e-04	5.014121e+00	7.204214e-01
2.160464285714290e-04	5.014249e+00	7.111643e-01
2.165607142857147e-04	5.014368e+00	7.019071e-01
2.170750000000004e-04	5.014477e+00	6.926500e-01
2.179464285714290e-04	5.014640e+00	6.769643e-01
2.188178571428576e-04	5.014788e+00	6.612786e-01
2.196892857142862e-04	5.014919e+00	6.455929e-01
2.205607142857148e-04	5.015033e+00	6.299072e-01
2.214321428571434e-04	5.015132e+00	6.142214e-01
2.223035714285720e-04	5.015214e+00	5.985357e-01
2.231750000000006e-04	5.015281e+00	5.828500e-01
2.237821428571434e-04	5.015323e+00	5.719214e-01
2.243892857142863e-04	5.015362e+00	5.609929e-01
2.249964285714292e-04	5.015397e+00	5.500643e-01
2.256035714285721e-04	5.015429e+00	5.391357e-01
2.262107142857149e-04	5.015457e+00	5.282071e-01
2.268178571428578e-04	5.015482e+00	5.172786e-01
2.274250000000007e-04	5.015503e+00	5.063500e-01
2.279535714285721e-04	5.015520e+00	4.968357e-01
2.284821428571436e-04	5.015535e+00	4.873214e-01
2.290107142857150e-04	5.015549e+00	4.778071e-01
2.295392857142864e-04	5.015562e+00	4.682929e-01
2.300678571428579e-04	5.015574e+00	4.587786e-01
2.305964285714293e-04	5.015584e+00	4.492643e-01
2.311250000000008e-04	5.015594e+00	4.397500e-01
2.316107142857151e-04	5.015601e+00	4.310071e-01
2.320964285714293e-04	5.015608e+00	4.222643e-01
2.325821428571437e-04	5.015615e+00	4.135214e-01
2.330678571428579e-04	5.015621e+00	4.047786e-01
2.335535714285722e-04	5.015627e+00	3.960357e-01
2.340392857142865e-04	5.015632e+00	3.872929e-01
2.345250000000008e-04	5.015637e+00	3.785500e-01
2.350035714285723e-04	5.015641e+00	3.699357e-01
2.354821428571437e-04	5.015646e+00	3.613214e-01
2.359607142857152e-04	5.015650e+00	3.527071e-01
2.364392857142866e-04	5.015654e+00	3.440929e-01
2.369178571428580e-04	5.015657e+00	3.354786e-01
2.373964285714295e-04	5.015661e+00	3.268643e-01
2.378750000000009e-04	5.015664e+00	3.182500e-01
2.383964285714295e-04	5.015667e+00	3.088643e-01
2.389178571428581e-04	5.015671e+00	2.994786e-01
2.394392857142867e-04	5.015674e+00	2.900929e-01
2.399607142857153e-04	5.015677e+00	2.807071e-01
2.404821428571438e-04	5.015680e+00	2.713214e-01
2.410035714285724e-04	5.015683e+00	2.619357e-01
2.415250000000010e-04	5.015686e+00	2.525500e-01
2.421750000000009e-04	5.015690e+00	2.408500e-01
2.428250000000007e-04	5.015694e+00	2.291500e-01
2.434750000000006e-04	5.015697e+00	2.174500e-01
2.441250000000005e-04	5.015701e+00	2.057500e-01
2.447750000000004e-04	5.015705e+00	1.940500e-01
2.454250000000002e-04	5.015709e+00	1.823500e-01
2.460750000000001e-04	5.015713e+00	1.706500e-01
2.462750000000000e-04	5.015714e+00	1.670500e-01
2.463249999999999e-04	5.015714e+00	1.661500e-01
2.463749999999999e-04	5.015716e+00	1.652500e-01
2.464249999999999e-04	5.015718e+00	1.643500e-01
2.464749999999999e-04	5.015722e+00	1.634500e-01
2.465249999999998e-04	5.015728e+00	1.625500e-01
2.465749999999998e-04	5.015735e+00	1.616500e-01
2.466249999999998e-04	5.015744e+00	1.607500e-01
2.466749999999997e-04	5.015754e+00	1.598500e-01
2.467249999999997e-04	5.015766e+00	1.589500e-01
2.467749999999997e-04	5.015780e+00	1.580500e-01
2.468249999999997e-04	5.015795e+00	1.571500e-01
2.468749999999996e-04	5.015811e+00	1.562500e-01
2.469249999999996e-04	5.015829e+00	1.553500e-01
2.469749999999996e-04	5.015848e+00	1.544500e-01
2.470249999999996e-04	5.015868e+00	1.535500e-01
2.470749999999995e-04	5.015890e+00	1.526500e-01
2.471749999999995e-04	5.015937e+00	1.508500e-01
2.472249999999995e-04	5.015962e+00	1.499500e-01
2.472749999999994e-04	5.015988e+00	1.490500e-01
2.473249999999994e-04	5.016015e+00	1.481500e-01
2.473749999999994e-04	5.016043e+00	1.472500e-01
2.474249999999994e-04	5.016071e+00	1.463500e-01
2.474749999999993e-04	5.016101e+00	1.454500e-01
2.475249999999993e-04	5.016131e+00	1.445500e-01
2.475749999999993e-04	5.016163e+00	1.436500e-01
2.476249999999993e-04	5.016195e+00	1.427500e-01
2.476749999999992e-04	5.016229e+00	1.418500e-01
2.477249999999992e-04	5.016262e+00	1.409500e-01
2.477749999999992e-04	5.016297e+00	1.400500e-01
2.478249999999992e-04	5.016332e+00	1.391500e-01
2.478749999999991e-04	5.016368e+00	1.382500e-01
2.479249999999991e-04	5.016404e+00	1.373500e-01
2.479749999999991e-04	5.016441e+00	1.364500e-01
2.480249999999990e-04	5.016479e+00	1.355500e-01
2.480749999999990e-04	5.016518e+00	1.346500e-01
2.481249999999990e-04	5.016557e+00	1.337500e-01
2.481749999999990e-04	5.016597e+00	1.328500e-01
2.482249999999989e-04	5.016637e+00	1.319500e-01
2.482749999999989e-04	5.016678e+00	1.310500e-01
2.483249999999989e-04	5.016719e+00	1.301500e-01
2.483749999999989e-04	5.016762e+00	1.292500e-01
2.484249999999988e-04	5.016804e+00	1.283500e-01
2.484749999999988e-04	5.016848e+00	1.274500e-01
2.485249999999988e-04	5.016891e+00	1.265500e-01
2.485749999999988e-04	5.016935e+00	1.256500e-01
2.486249999999987e-04	5.016981e+00	1.247500e-01
2.487249999999987e-04	5.017072e+00	1.229500e-01
2.487749999999987e-04	5.017118e+00	1.220500e-01
2.488749999999986e-04	5.017214e+00	1.202500e-01
2.489249999999986e-04	5.017262e+00	1.193500e-01
2.489749999999986e-04	5.017311e+00	1.184500e-01
2.490249999999985e-04	5.017361e+00	1.175500e-01
2.490749999999985e-04	5.017411e+00	1.166500e-01
2.491249999999985e-04	5.017462e+00	1.157500e-01
2.491749999999985e-04	5.017513e+00	1.148500e-01
2.492249999999984e-04	5.017565e+00	1.139500e-01
2.493249999999984e-04	5.017671e+00	1.121500e-01
2.494249999999983e-04	5.017778e+00	1.103500e-01
2.495249999999983e-04	5.017889e+00	1.085500e-01
2.496249999999982e-04	5.018003e+00	1.067500e-01
2.497249999999982e-04	5.018118e+00	1.049500e-01
2.498249999999981e-04	5.018236e+00	1.031500e-01
2.499249999999981e-04	5.018357e+00	1.013500e-01
2.499749999999980e-04	5.018418e+00	1.004500e-01
2.500000000000000e-04	5.018449e+00	1.000000e-01
2.500050000000000e-04	5.018452e+00	1.000000e-01
2.500150000000000e-04	5.018458e+00	1.000000e-01
2.500299981157400e-04	5.018467e+00	1.000000e-01
2.500443438521254e-04	5.018476e+00	1.000000e-01
2.500591269069927e-04	5.018485e+00	1.000000e-01
2.500707651241542e-04	5.018492e+00	1.000000e-01
2.500799241501214e-04	5.018498e+00	1.000000e-01
2.500896400884072e-04	5.018504e+00	1.000000e-01
2.500978606547169e-04	5.018508e+00	1.000000e-01
2.501061473058754e-04	5.018513e+00	1.000000e-01
2.501141431701092e-04	5.018518e+00	1.000000e-01
2.501233708640158e-04	5.018524e+00	1.000000e-01
2.501330103274915e-04	5.018529e+00	1.000000e-01
2.501450671583883e-04	5.018537e+00	1.000000e-01
2.501691808201820e-04	5.018551e+00	1.000000e-01
2.501924569648798e-04	5.018565e+00	1.000000e-01
2.502390092542753e-04	5.018592e+00	1.000000e-01
2.502890092542753e-04	5.018621e+00	1.000000e-01
2.503390092542753e-04	5.018651e+00	1.000000e-01
2.503890092542752e-04	5.018680e+00	1.000000e-01
2.504390092542752e-04	5.018709e+00	1.000000e-01
2.504890092542752e-04	5.018738e+00	1.000000e-01
2.505390092542752e-04	5.018768e+00	1.000000e-01
2.505890092542751e-04	5.018797e+00	1.000000e-01
2.506390092542751e-04	5.018827e+00	1.000000e-01
2.506890092542751e-04	5.018857e+00	1.000000e-01
2.507390092542751e-04	5.018888e+00	1.000000e-01
2.507890092542750e-04	5.018918e+00	1.000000e-01
2.508390092542750e-04	5.018949e+00	1.000000e-01
2.508890092542750e-04	5.018980e+00	1.000000e-01
2.509390092542750e-04	5.019011e+00	1.000000e-01
2.509890092542749e-04	5.019043e+00	1.000000e-01
2.510390092542749e-04	5.019075e+00	1.000000e-01
2.510890092542749e-04	5.019108e+00	1.000000e-01
2.511390092542749e-04	5.019140e+00	1.000000e-01
2.511890092542748e-04	5.019173e+00	1.000000e-01
2.512390092542748e-04	5.019206e+00	1.000000e-01
2.512890092542748e-04	5.019239e+00	1.000000e-01
2.513390092542748e-04	5.019273e+00	1.000000e-01
2.513890092542747e-04	5.019307e+00	1.000000e-01
2.514390092542747e-04	5.019341e+00	1.000000e-01
2.514890092542747e-04	5.019375e+00	1.000000e-01
2.515390092542747e-04	5.019410e+00	1.000000e-01
2.515890092542746e-04	5.019444e+00	1.000000e-01
2.516390092542746e-04	5.019480e+00	1.000000e-01
2.516890092542746e-04	5.019515e+00	1.000000e-01
2.517390092542745e-04	5.019550e+00	1.000000e-01
2.517890092542745e-04	5.019585e+00	1.000000e-01
2.518390092542745e-04	5.019620e+00	1.000000e-01
2.518890092542745e-04	5.019656e+00	1.000000e-01
2.519390092542744e-04	5.019691e+00	1.000000e-01
2.519890092542744e-04	5.019727e+00	1.000000e-01
2.520390092542744e-04	5.019763e+00	1.000000e-01
2.520890092542744e-04	5.019799e+00	1.000000e-01
2.521390092542743e-04	5.019835e+00	1.000000e-01
2.521890092542743e-04	5.019871e+00	1.000000e-01
2.522390092542743e-04	5.019907e+00	1.000000e-01
2.522890092542743e-04	5.019942e+00	1.000000e-01
2.523390092542742e-04	5.019978e+00	1.000000e-01
2.523890092542742e-04	5.020014e+00	1.000000e-01
2.524390092542742e-04	5.020050e+00	1.000000e-01
2.524890092542742e-04	5.020085e+00	1.000000e-01
2.525390092542741e-04	5.020121e+00	1.000000e-01
2.525890092542741e-04	5.020157e+00	1.000000e-01
2.526390092542741e-04	5.020192e+00	1.000000e-01
2.526890092542741e-04	5.020228e+00	1.000000e-01
2.527390092542740e-04	5.020263e+00	1.000000e-01
2.527890092542740e-04	5.020298e+00	1.000000e-01
2.528390092542740e-04	5.020334e+00	1.000000e-01
2.528890092542740e-04	5.020369e+00	1.000000e-01
2.529390092542739e-04	5.020404e+00	1.000000e-01
2.530390092542739e-04	5.020474e+00	1.000000e-01
2.531390092542738e-04	5.020544e+00	1.000000e-01
2.532390092542738e-04	5.020612e+00	1.000000e-01
2.533390092542737e-04	5.020681e+00	1.000000e-01
2.534390092542737e-04	5.020750e+00	1.000000e-01
2.535890092542736e-04	5.020851e+00	1.000000e-01
2.537390092542735e-04	5.020952e+00	1.000000e-01
2.538890092542734e-04	5.021051e+00	1.000000e-01
2.540390092542734e-04	5.021151e+00	1.000000e-01
2.541890092542733e-04	5.021249e+00	1.000000e-01
2.543390092542732e-04	5.021347e+00	1.000000e-01
2.544890092542731e-04	5.021443e+00	1.000000e-01
2.545390092542731e-04	5.021476e+00	1.000000e-01
2.546890092542730e-04	5.021572e+00	1.000000e-01
2.548390092542729e-04	5.021667e+00	1.000000e-01
2.549890092542729e-04	5.021762e+00	1.000000e-01
2.551104378257014e-04	5.021839e+00	1.000000e-01
2.552318663971299e-04	5.021915e+00	1.000000e-01
2.553532949685584e-04	5.021992e+00	1.000000e-01
2.554747235399869e-04	5.022067e+00	1.000000e-01
2.555961521114154e-04	5.022143e+00	1.000000e-01
2.557175806828439e-04	5.022218e+00	1.000000e-01
2.558390092542724e-04	5.022292e+00	1.000000e-01
2.560318663971295e-04	5.022411e+00	1.000000e-01
2.562247235399865e-04	5.022528e+00	1.000000e-01
2.564175806828435e-04	5.022645e+00	1.000000e-01
2.566104378257006e-04	5.022761e+00	1.000000e-01
2.568032949685577e-04	5.022876e+00	1.000000e-01
2.569961521114147e-04	5.022991e+00	1.000000e-01
2.571890092542717e-04	5.023105e+00	1.000000e-01
2.574675806828430e-04	5.023268e+00	1.000000e-01
2.577461521114143e-04	5.023429e+00	1.000000e-01
2.580247235399856e-04	5.023589e+00	1.000000e-01
2.583032949685569e-04	5.023748e+00	1.000000e-01
2.585818663971282e-04	5.023905e+00	1.000000e-01
2.588604378256994e-04	5.024060e+00	1.000000e-01
2.591390092542707e-04	5.024214e+00	1.000000e-01
2.604604378256986e-04	5.024920e+00	1.000000e-01
2.617818663971265e-04	5.025596e+00	1.000000e-01
2.631032949685544e-04	5.026241e+00	1.000000e-01
2.644247235399822e-04	5.026856e+00	1.000000e-01
2.657461521114101e-04	5.027440e+00	1.000000e-01
2.670675806828380e-04	5.027994e+00	1.000000e-01
2.683890092542659e-04	5.028517e+00	1.000000e-01
2.713675806828358e-04	5.029581e+00	1.000000e-01
2.743461521114057e-04	5.030536e+00	1.000000e-01
2.773247235399756e-04	5.031380e+00	1.000000e-01
2.803032949685455e-04	5.032113e+00	1.000000e-01
2.832818663971154e-04	5.032737e+00	1.000000e-01
2.862604378256853e-04	5.033250e+00	1.000000e-01
2.892390092542551e-04	5.033653e+00	1.000000e-01
2.912961521113969e-04	5.033889e+00	1.000000e-01
2.933532949685387e-04	5.034091e+00	1.000000e-01
2.954104378256805e-04	5.034258e+00	1.000000e-01
2.974675806828223e-04	5.034391e+00	1.000000e-01
2.995247235399641e-04	5.034489e+00	1.000000e-01
3.015818663971059e-04	5.034553e+00	1.000000e-01
3.036390092542477e-04	5.034583e+00	1.000000e-01
3.039318663971047e-04	5.034585e+00	1.000000e-01
3.042247235399616e-04	5.034587e+00	1.000000e-01
3.045175806828186e-04	5.034588e+00	1.000000e-01
3.048104378256756e-04	5.034589e+00	1.000000e-01
3.051032949685327e-04	5.034589e+00	1.000000e-01
3.053961521113896e-04	5.034589e+00	1.000000e-01
3.056890092542466e-04	5.034588e+00	1.000000e-01
3.057390092542466e-04	5.034588e+00	1.000000e-01
3.061318663971035e-04	5.034585e+00	1.000000e-01
3.065247235399604e-04	5.034582e+00	1.000000e-01
3.069175806828174e-04	5.034578e+00	1.000000e-01
3.073104378256744e-04	5.034573e+00	1.000000e-01
3.077032949685313e-04	5.034567e+00	1.000000e-01
3.080961521113882e-04	5.034560e+00	1.000000e-01
3.084890092542452e-04	5.034552e+00	1.000000e-01
3.105247235399584e-04	5.034492e+00	1.000000e-01
3.125604378256716e-04	5.034413e+00	1.000000e-01
3.145961521113848e-04	5.034313e+00	1.000000e-01
3.166318663970981e-04	5.034192e+00	1.000000e-01
3.186675806828113e-04	5.034051e+00	1.000000e-01
3.207032949685246e-04	5.033890e+00	1.000000e-01
3.227390092542378e-04	5.033708e+00	1.000000e-01
3.264175806828073e-04	5.033330e+00	1.000000e-01
3.300961521113768e-04	5.032917e+00	1.000000e-01
3.337747235399464e-04	5.032467e+00	1.000000e-01
3.374532949685159e-04	5.031982e+00	1.000000e-01
3.411318663970854e-04	5.031459e+00	1.000000e-01
3.448104378256549e-04	5.030901e+00	1.000000e-01
3.484890092542245e-04	5.030307e+00	1.000000e-01
3.496890092542238e-04	5.030112e+00	1.000000e-01
3.508890092542232e-04	5.029915e+00	1.000000e-01
3.520890092542226e-04	5.029716e+00	1.000000e-01
3.532890092542220e-04	5.029515e+00	1.000000e-01
3.544890092542213e-04	5.029312e+00	1.000000e-01
3.556890092542207e-04	5.029107e+00	1.000000e-01
3.568890092542201e-04	5.028901e+00	1.000000e-01
3.569390092542201e-04	5.028892e+00	1.000000e-01
3.602247235399326e-04	5.028316e+00	1.000000e-01
3.635104378256453e-04	5.027735e+00	1.000000e-01
3.667961521113578e-04	5.027151e+00	1.000000e-01
3.700818663970704e-04	5.026561e+00	1.000000e-01
3.733675806827830e-04	5.025968e+00	1.000000e-01
3.766532949684956e-04	5.025369e+00	1.000000e-01
3.799390092542082e-04	5.024767e+00	1.000000e-01
3.834390092542064e-04	5.024128e+00	1.000000e-01
3.869390092542045e-04	5.023494e+00	1.000000e-01
3.904390092542027e-04	5.022866e+00	1.000000e-01
3.939390092542009e-04	5.022244e+00	1.000000e-01
3.974390092541991e-04	5.021628e+00	1.000000e-01
4.009390092541973e-04	5.021018e+00	1.000000e-01
4.044390092541955e-04	5.020413e+00	1.000000e-01
4.081390092541936e-04	5.019787e+00	1.000000e-01
4.134318663970480e-04	5.018908e+00	1.000000e-01
4.187247235399023e-04	5.018057e+00	1.000000e-01
4.240175806827568e-04	5.017236e+00	1.000000e-01
4.293104378256112e-04	5.016443e+00	1.000000e-01
4.346032949684656e-04	5.015679e+00	1.000000e-01
4.398961521113200e-04	5.014944e+00	1.000000e-01
4.451890092541744e-04	5.014238e+00	1.000000e-01
4.472032949684591e-04	5.013979e+00	1.000000e-01
4.492175806827437e-04	5.013724e+00	1.000000e-01
4.512318663970284e-04	5.013474e+00	1.000000e-01
4.532461521113131e-04	5.013228e+00	1.000000e-01
4.552604378255977e-04	5.012987e+00	1.000000e-01
4.572747235398824e-04	5.012750e+00	1.000000e-01
4.592890092541671e-04	5.012518e+00	1.000000e-01
4.593390092541671e-04	5.012513e+00	1.000000e-01
4.664604378255952e-04	5.011734e+00	1.000000e-01
4.735818663970233e-04	5.011007e+00	1.000000e-01
4.807032949684514e-04	5.010331e+00	1.000000e-01
4.878247235398795e-04	5.009707e+00	1.000000e-01
4.949461521113077e-04	5.009135e+00	1.000000e-01
5.020675806827358e-04	5.008614e+00	1.000000e-01
5.091890092541639e-04	5.008144e+00	1.000000e-01
5.105390092541647e-04	5.008059e+00	1.000000e-01
5.178461521113117e-04	5.007633e+00	1.000000e-01
5.251532949684586e-04	5.007243e+00	1.000000e-01
5.324604378256056e-04	5.006889e+00	1.000000e-01
5.397675806827527e-04	5.006571e+00	1.000000e-01
5.470747235398997e-04	5.006290e+00	1.000000e-01
5.543818663970466e-04	5.006044e+00	1.000000e-01
5.616890092541936e-04	5.005834e+00	1.000000e-01
5.617390092541937e-04	5.005833e+00	1.000000e-01
5.682604378256259e-04	5.005666e+00	1.000000e-01
5.747818663970582e-04	5.005516e+00	1.000000e-01
5.813032949684904e-04	5.005382e+00	1.000000e-01
5.878247235399228e-04	5.005264e+00	1.000000e-01
5.943461521113550e-04	5.005162e+00	1.000000e-01
6.008675806827873e-04	5.005076e+00	1.000000e-01
6.073890092542195e-04	5.005006e+00	1.000000e-01
6.129390092542227e-04	5.004952e+00	1.000000e-01
6.174961521113681e-04	5.004914e+00	1.000000e-01
6.220532949685135e-04	5.004881e+00	1.000000e-01
6.266104378256590e-04	5.004851e+00	1.000000e-01
6.311675806828044e-04	5.004825e+00	1.000000e-01
6.357247235399499e-04	5.004803e+00	1.000000e-01
6.402818663970953e-04	5.004785e+00	1.000000e-01
6.448390092542407e-04	5.004770e+00	1.000000e-01
6.475890092542423e-04	5.004763e+00	1.000000e-01
6.503390092542439e-04	5.004756e+00	1.000000e-01
6.530890092542454e-04	5.004750e+00	1.000000e-01
6.558390092542470e-04	5.004745e+00	1.000000e-01
6.585890092542485e-04	5.004741e+00	1.000000e-01
6.613390092542501e-04	5.004737e+00	1.000000e-01
6.640890092542516e-04	5.004735e+00	1.000000e-01
6.641390092542517e-04	5.004735e+00	1.000000e-01
6.657675806828240e-04	5.004734e+00	1.000000e-01
6.673961521113964e-04	5.004733e+00	1.000000e-01
6.690247235399688e-04	5.004732e+00	1.000000e-01
6.706532949685410e-04	5.004731e+00	1.000000e-01
6.722818663971134e-04	5.004731e+00	1.000000e-01
6.739104378256858e-04	5.004731e+00	1.000000e-01
6.755390092542581e-04	5.004731e+00	1.000000e-01
6.766032949685444e-04	5.004731e+00	1.000000e-01
6.776675806828308e-04	5.004732e+00	1.000000e-01
6.787318663971170e-04	5.004732e+00	1.000000e-01
6.797961521114034e-04	5.004732e+00	1.000000e-01
6.808604378256897e-04	5.004733e+00	1.000000e-01
6.819247235399761e-04	5.004733e+00	1.000000e-01
6.829890092542623e-04	5.004734e+00	1.000000e-01
6.860390092542641e-04	5.004736e+00	1.000000e-01
6.890890092542658e-04	5.004738e+00	1.000000e-01
6.921390092542675e-04	5.004741e+00	1.000000e-01
6.951890092542693e-04	5.004744e+00	1.000000e-01
6.982390092542710e-04	5.004748e+00	1.000000e-01
7.012890092542727e-04	5.004752e+00	1.000000e-01
7.043390092542744e-04	5.004757e+00	1.000000e-01
7.059032949685610e-04	5.004759e+00	1.000000e-01
7.074675806828477e-04	5.004762e+00	1.000000e-01
7.090318663971342e-04	5.004764e+00	1.000000e-01
7.105961521114209e-04	5.004767e+00	1.000000e-01
7.121604378257074e-04	5.004769e+00	1.000000e-01
7.137247235399941e-04	5.004772e+00	1.000000e-01
7.152890092542806e-04	5.004775e+00	1.000000e-01
7.153390092542807e-04	5.004775e+00	1.000000e-01
7.202747235399978e-04	5.004784e+00	1.000000e-01
7.252104378257148e-04	5.004793e+00	1.000000e-01
7.301461521114319e-04	5.004803e+00	1.000000e-01
7.350818663971490e-04	5.004812e+00	1.000000e-01
7.400175806828661e-04	5.004822e+00	1.000000e-01
7.449532949685832e-04	5.004832e+00	1.000000e-01
7.498890092543002e-04	5.004842e+00	1.000000e-01
7.499890092543003e-04	5.004843e+00	1.000000e-01
7.500000000000000e-04	5.004843e+00	1.000000e-01
7.500350000000000e-04	5.004820e+00	1.006300e-01
7.500750000000000e-04	5.004794e+00	1.013500e-01
7.501250000000000e-04	5.004761e+00	1.022500e-01
7.501750000000001e-04	5.004727e+00	1.031500e-01
7.502250000000001e-04	5.004692e+00	1.040500e-01
7.502750000000001e-04	5.004656e+00	1.049500e-01
7.503250000000001e-04	5.004620e+00	1.058500e-01
7.503750000000002e-04	5.004582e+00	1.067500e-01
7.504250000000002e-04	5.004544e+00	1.076500e-01
7.504750000000002e-04	5.004506e+00	1.085500e-01
7.505250000000003e-04	5.004467e+00	1.094500e-01
7.505750000000003e-04	5.004428e+00	1.103500e-01
7.506250000000003e-04	5.004388e+00	1.112500e-01
7.506750000000003e-04	5.004348e+00	1.121500e-01
7.507250000000004e-04	5.004307e+00	1.130500e-01
7.507750000000004e-04	5.004266e+00	1.139500e-01
7.508250000000004e-04	5.004225e+00	1.148500e-01
7.509250000000005e-04	5.004141e+00	1.166500e-01
7.510250000000005e-04	5.004056e+00	1.184500e-01
7.511250000000006e-04	5.003968e+00	1.202500e-01
7.512250000000007e-04	5.003880e+00	1.220500e-01
7.513750000000007e-04	5.003743e+00	1.247500e-01
7.515250000000008e-04	5.003603e+00	1.274500e-01
7.516250000000009e-04	5.003507e+00	1.292500e-01
7.517250000000009e-04	5.003408e+00	1.310500e-01
7.518250000000010e-04	5.003308e+00	1.328500e-01
7.519250000000011e-04	5.003205e+00	1.346500e-01
7.519750000000011e-04	5.003153e+00	1.355500e-01
7.520250000000011e-04	5.003100e+00	1.364500e-01
7.520750000000011e-04	5.003047e+00	1.373500e-01
7.521250000000012e-04	5.002993e+00	1.382500e-01
7.521750000000012e-04	5.002938e+00	1.391500e-01
7.522250000000012e-04	5.002883e+00	1.400500e-01
7.522750000000012e-04	5.002827e+00	1.409500e-01
7.523250000000013e-04	5.002770e+00	1.418500e-01
7.523750000000013e-04	5.002713e+00	1.427500e-01
7.524250000000013e-04	5.002656e+00	1.436500e-01
7.524750000000014e-04	5.002597e+00	1.445500e-01
7.525250000000014e-04	5.002538e+00	1.454500e-01
7.525750000000014e-04	5.002478e+00	1.463500e-01
7.526250000000014e-04	5.002417e+00	1.472500e-01
7.526750000000015e-04	5.002356e+00	1.481500e-01
7.527250000000015e-04	5.002294e+00	1.490500e-01
7.527750000000015e-04	5.002231e+00	1.499500e-01
7.528250000000016e-04	5.002168e+00	1.508500e-01
7.528750000000016e-04	5.002104e+00	1.517500e-01
7.529250000000016e-04	5.002039e+00	1.526500e-01
7.530250000000017e-04	5.001907e+00	1.544500e-01
7.530750000000017e-04	5.001841e+00	1.553500e-01
7.531750000000018e-04	5.001705e+00	1.571500e-01
7.532750000000018e-04	5.001566e+00	1.589500e-01
7.534250000000019e-04	5.001353e+00	1.616500e-01
7.534964285714305e-04	5.001250e+00	1.629357e-01
7.535678571428591e-04	5.001145e+00	1.642214e-01
7.536392857142877e-04	5.001038e+00	1.655071e-01
7.537107142857164e-04	5.000931e+00	1.667929e-01
7.537821428571450e-04	5.000821e+00	1.680786e-01
7.538535714285736e-04	5.000711e+00	1.693643e-01
7.539250000000022e-04	5.000599e+00	1.706500e-01
7.540750000000023e-04	5.000360e+00	1.733500e-01
7.542250000000024e-04	5.000115e+00	1.760500e-01
7.543750000000024e-04	4.999864e+00	1.787500e-01
7.545250000000025e-04	4.999607e+00	1.814500e-01
7.546750000000026e-04	4.999345e+00	1.841500e-01
7.548250000000027e-04	4.999077e+00	1.868500e-01
7.549750000000028e-04	4.998803e+00	1.895500e-01
7.550750000000028e-04	4.998617e+00	1.913500e-01
7.553750000000030e-04	4.998046e+00	1.967500e-01
7.554750000000031e-04	4.997850e+00	1.985500e-01
7.555750000000031e-04	4.997653e+00	2.003500e-01
7.556750000000032e-04	4.997453e+00	2.021500e-01
7.557750000000032e-04	4.997251e+00	2.039500e-01
7.560321428571463e-04	4.996719e+00	2.085786e-01
7.562892857142892e-04	4.996172e+00	2.132071e-01
7.565464285714322e-04	4.995610e+00	2.178357e-01
7.568035714285753e-04	4.995033e+00	2.224643e-01
7.570607142857183e-04	4.994441e+00	2.270929e-01
7.573178571428612e-04	4.993833e+00	2.317214e-01
7.575750000000043e-04	4.993211e+00	2.363500e-01
7.581178571428617e-04	4.991846e+00	2.461214e-01
7.586607142857192e-04	4.990421e+00	2.558929e-01
7.592035714285766e-04	4.988937e+00	2.656643e-01
7.597464285714340e-04	4.987393e+00	2.754357e-01
7.602892857142915e-04	4.985789e+00	2.852072e-01
7.608321428571490e-04	4.984127e+00	2.949786e-01
7.613750000000064e-04	4.982404e+00	3.047500e-01
7.614250000000064e-04	4.982243e+00	3.056500e-01
7.614750000000065e-04	4.982082e+00	3.065500e-01
7.615250000000065e-04	4.981921e+00	3.074500e-01
7.615750000000065e-04	4.981760e+00	3.083500e-01
7.616250000000065e-04	4.981599e+00	3.092500e-01
7.616750000000066e-04	4.981439e+00	3.101500e-01
7.617250000000066e-04	4.981279e+00	3.110500e-01
7.618250000000067e-04	4.980960e+00	3.128500e-01
7.619750000000067e-04	4.980486e+00	3.155500e-01
7.620821428571497e-04	4.980150e+00	3.174786e-01
7.621892857142925e-04	4.979817e+00	3.194071e-01
7.622964285714355e-04	4.979486e+00	3.213357e-01
7.624035714285784e-04	4.979158e+00	3.232643e-01
7.625107142857214e-04	4.978833e+00	3.251928e-01
7.626178571428642e-04	4.978510e+00	3.271214e-01
7.627250000000072e-04	4.978190e+00	3.290500e-01
7.628464285714358e-04	4.977831e+00	3.312357e-01
7.629678571428644e-04	4.977475e+00	3.334214e-01
7.630892857142930e-04	4.977123e+00	3.356071e-01
7.632107142857218e-04	4.976775e+00	3.377929e-01
7.633321428571504e-04	4.976430e+00	3.399786e-01
7.634535714285790e-04	4.976088e+00	3.421643e-01
7.635750000000077e-04	4.975750e+00	3.443500e-01
7.637178571428648e-04	4.975357e+00	3.469214e-01
7.638607142857221e-04	4.974969e+00	3.494929e-01
7.640035714285793e-04	4.974585e+00	3.520643e-01
7.641464285714365e-04	4.974205e+00	3.546357e-01
7.642892857142937e-04	4.973830e+00	3.572071e-01
7.644321428571510e-04	4.973459e+00	3.597786e-01
7.645750000000082e-04	4.973093e+00	3.623500e-01
7.647250000000083e-04	4.972714e+00	3.650500e-01
7.648392857142940e-04	4.972428e+00	3.671071e-01
7.649535714285799e-04	4.972145e+00	3.691643e-01
7.650678571428656e-04	4.971865e+00	3.712214e-01
7.651821428571514e-04	4.971588e+00	3.732786e-01
7.652964285714372e-04	4.971314e+00	3.753357e-01
7.654107142857230e-04	4.971042e+00	3.773928e-01
7.655250000000088e-04	4.970774e+00	3.794500e-01
7.656392857142945e-04	4.970509e+00	3.815071e-01
7.657535714285803e-04	4.970247e+00	3.835643e-01
7.658678571428661e-04	4.969988e+00	3.856214e-01
7.659821428571519e-04	4.969731e+00	3.876786e-01
7.660964285714376e-04	4.969478e+00	3.897357e-01
7.662107142857235e-04	4.969229e+00	3.917929e-01
7.663250000000092e-04	4.968982e+00	3.938500e-01
7.663750000000092e-04	4.968875e+00	3.947500e-01
7.665607142857237e-04	4.968483e+00	3.980929e-01
7.667464285714380e-04	4.968100e+00	4.014357e-01
7.669321428571524e-04	4.967725e+00	4.047786e-01
7.671178571428668e-04	4.967359e+00	4.081214e-01
7.673035714285812e-04	4.967001e+00	4.114643e-01
7.674892857142955e-04	4.966651e+00	4.148071e-01
7.676750000000100e-04	4.966310e+00	4.181500e-01
7.678535714285815e-04	4.965990e+00	4.213643e-01
7.680321428571531e-04	4.965678e+00	4.245786e-01
7.682107142857246e-04	4.965373e+00	4.277929e-01
7.683892857142960e-04	4.965076e+00	4.310072e-01
7.685678571428676e-04	4.964787e+00	4.342214e-01
7.687464285714391e-04	4.964505e+00	4.374357e-01
7.689250000000107e-04	4.964231e+00	4.406500e-01
7.691321428571537e-04	4.963922e+00	4.443786e-01
7.693392857142966e-04	4.963622e+00	4.481071e-01
7.695464285714396e-04	4.963332e+00	4.518357e-01
7.697535714285825e-04	4.963051e+00	4.555643e-01
7.699607142857255e-04	4.962780e+00	4.592929e-01
7.701678571428684e-04	4.962517e+00	4.630214e-01
7.703750000000114e-04	4.962265e+00	4.667500e-01
7.706035714285830e-04	4.961996e+00	4.708643e-01
7.708321428571545e-04	4.961737e+00	4.749786e-01
7.710607142857261e-04	4.961488e+00	4.790929e-01
7.712892857142976e-04	4.961250e+00	4.832071e-01
7.715178571428692e-04	4.961021e+00	4.873214e-01
7.717464285714407e-04	4.960802e+00	4.914357e-01
7.719750000000123e-04	4.960594e+00	4.955500e-01
7.725678571428697e-04	4.960104e+00	5.062215e-01
7.731607142857273e-04	4.959664e+00	5.168929e-01
7.737535714285848e-04	4.959276e+00	5.275643e-01
7.743464285714422e-04	4.958938e+00	5.382357e-01
7.749392857142996e-04	4.958650e+00	5.489072e-01
7.755321428571572e-04	4.958413e+00	5.595786e-01
7.761250000000147e-04	4.958227e+00	5.702500e-01
7.766607142857293e-04	4.958090e+00	5.798928e-01
7.771964285714438e-04	4.957977e+00	5.895357e-01
7.777321428571584e-04	4.957888e+00	5.991785e-01
7.782678571428730e-04	4.957825e+00	6.088214e-01
7.788035714285876e-04	4.957785e+00	6.184643e-01
7.793392857143021e-04	4.957771e+00	6.281071e-01
7.798750000000168e-04	4.957781e+00	6.377500e-01
7.800821428571598e-04	4.957788e+00	6.414786e-01
7.802892857143027e-04	4.957798e+00	6.452071e-01
7.804964285714457e-04	4.957810e+00	6.489357e-01
7.807035714285887e-04	4.957824e+00	6.526643e-01
7.809107142857317e-04	4.957841e+00	6.563928e-01
7.811178571428746e-04	4.957860e+00	6.601214e-01
7.813250000000176e-04	4.957882e+00	6.638500e-01
7.813750000000176e-04	4.957887e+00	6.647500e-01
7.814250000000177e-04	4.957893e+00	6.656500e-01
7.815250000000177e-04	4.957904e+00	6.674500e-01
7.816750000000178e-04	4.957923e+00	6.701500e-01
7.820107142857323e-04	4.957968e+00	6.761929e-01
7.823464285714467e-04	4.958018e+00	6.822357e-01
7.826821428571613e-04	4.958072e+00	6.882786e-01
7.830178571428757e-04	4.958130e+00	6.943215e-01
7.833535714285902e-04	4.958193e+00	7.003643e-01
7.836892857143046e-04	4.958260e+00	7.064072e-01
7.840250000000191e-04	4.958331e+00	7.124500e-01
7.845964285714480e-04	4.958460e+00	7.227357e-01
7.851678571428769e-04	4.958596e+00	7.330214e-01
7.857392857143058e-04	4.958738e+00	7.433071e-01
7.863107142857346e-04	4.958886e+00	7.535928e-01
7.868821428571635e-04	4.959041e+00	7.638786e-01
7.874535714285924e-04	4.959202e+00	7.741643e-01
7.880250000000213e-04	4.959370e+00	7.844500e-01
7.888178571428788e-04	4.959608e+00	7.987214e-01
7.896107142857365e-04	4.959849e+00	8.129929e-01
7.904035714285941e-04	4.960093e+00	8.272643e-01
7.911964285714516e-04	4.960339e+00	8.415357e-01
7.919892857143092e-04	4.960589e+00	8.558071e-01
7.927821428571669e-04	4.960841e+00	8.700786e-01
7.935750000000244e-04	4.961097e+00	8.843500e-01
7.944821428571678e-04	4.961387e+00	9.006786e-01
7.953892857143111e-04	4.961676e+00	9.170071e-01
7.962964285714545e-04	4.961963e+00	9.333357e-01
7.972035714285979e-04	4.962249e+00	9.496643e-01
7.981107142857413e-04	4.962532e+00	9.659929e-01
7.990178571428846e-04	4.962814e+00	9.823214e-01
7.999250000000280e-04	4.963094e+00	9.986500e-01
7.999750000000281e-04	4.963109e+00	9.995500e-01
8.000000000000000e-04	4.963117e+00	1.000000e+00
8.000050000000000e-04	4.963122e+00	1.000000e+00
8.000150000000001e-04	4.963131e+00	1.000000e+00
8.000350000000000e-04	4.963150e+00	1.000000e+00
8.000750000000000e-04	4.963188e+00	1.000000e+00
8.001250000000001e-04	4.963237e+00	1.000000e+00
8.001750000000001e-04	4.963286e+00	1.000000e+00
8.002250000000001e-04	4.963337e+00	1.000000e+00
8.002750000000001e-04	4.963388e+00	1.000000e+00
8.003250000000002e-04	4.963440e+00	1.000000e+00
8.003750000000002e-04	4.963493e+00	1.000000e+00
8.004250000000002e-04	4.963546e+00	1.000000e+00
8.004750000000003e-04	4.963600e+00	1.000000e+00
8.005250000000003e-04	4.963655e+00	1.000000e+00
8.005750000000003e-04	4.963709e+00	1.000000e+00
8.006250000000003e-04	4.963765e+00	1.000000e+00
8.006750000000004e-04	4.963820e+00	1.000000e+00
8.007250000000004e-04	4.963877e+00	1.000000e+00
8.007750000000004e-04	4.963933e+00	1.000000e+00
8.008250000000005e-04	4.963990e+00	1.000000e+00
8.008750000000005e-04	4.964046e+00	1.000000e+00
8.009250000000005e-04	4.964103e+00	1.000000e+00
8.009750000000005e-04	4.964160e+00	1.000000e+00
8.010250000000006e-04	4.964218e+00	1.000000e+00
8.010750000000006e-04	4.964275e+00	1.000000e+00
8.011250000000006e-04	4.964332e+00	1.000000e+00
8.011750000000006e-04	4.964389e+00	1.000000e+00
8.012250000000007e-04	4.964447e+00	1.000000e+00
8.012750000000007e-04	4.964504e+00	1.000000e+00
8.013250000000007e-04	4.964561e+00	1.000000e+00
8.013750000000008e-04	4.964618e+00	1.000000e+00
8.014250000000008e-04	4.964675e+00	1.000000e+00
8.014750000000008e-04	4.964732e+00	1.000000e+00
8.015250000000008e-04	4.964788e+00	1.000000e+00
8.016250000000009e-04	4.964901e+00	1.000000e+00
8.017250000000010e-04	4.965014e+00	1.000000e+00
8.018250000000010e-04	4.965125e+00	1.000000e+00
8.019250000000011e-04	4.965236e+00	1.000000e+00
8.020250000000011e-04	4.965345e+00	1.000000e+00
8.021250000000012e-04	4.965455e+00	1.000000e+00
8.022750000000013e-04	4.965616e+00	1.000000e+00
8.024250000000014e-04	4.965776e+00	1.000000e+00
8.024964285714300e-04	4.965852e+00	1.000000e+00
8.025678571428586e-04	4.965928e+00	1.000000e+00
8.026392857142871e-04	4.966003e+00	1.000000e+00
8.027107142857159e-04	4.966078e+00	1.000000e+00
8.027821428571444e-04	4.966152e+00	1.000000e+00
8.028535714285730e-04	4.966226e+00	1.000000e+00
8.029250000000016e-04	4.966300e+00	1.000000e+00
8.030250000000017e-04	4.966404e+00	1.000000e+00
8.031250000000018e-04	4.966507e+00	1.000000e+00
8.032250000000018e-04	4.966609e+00	1.000000e+00
8.033250000000019e-04	4.966712e+00	1.000000e+00
8.033750000000019e-04	4.966763e+00	1.000000e+00
8.034250000000019e-04	4.966815e+00	1.000000e+00
8.034750000000020e-04	4.966866e+00	1.000000e+00
8.035250000000020e-04	4.966917e+00	1.000000e+00
8.035750000000020e-04	4.966968e+00	1.000000e+00
8.036250000000020e-04	4.967019e+00	1.000000e+00
8.036750000000021e-04	4.967070e+00	1.000000e+00
8.037250000000021e-04	4.967121e+00	1.000000e+00
8.037750000000021e-04	4.967172e+00	1.000000e+00
8.038250000000022e-04	4.967223e+00	1.000000e+00
8.038750000000022e-04	4.967274e+00	1.000000e+00
8.039250000000022e-04	4.967325e+00	1.000000e+00
8.039750000000022e-04	4.967376e+00	1.000000e+00
8.040250000000023e-04	4.967427e+00	1.000000e+00
8.040750000000023e-04	4.967478e+00	1.000000e+00
8.041250000000023e-04	4.967529e+00	1.000000e+00
8.041750000000023e-04	4.967580e+00	1.000000e+00
8.042250000000024e-04	4.967631e+00	1.000000e+00
8.042750000000024e-04	4.967682e+00	1.000000e+00
8.043250000000024e-04	4.967733e+00	1.000000e+00
8.043750000000025e-04	4.967784e+00	1.000000e+00
8.044250000000025e-04	4.967835e+00	1.000000e+00
8.044750000000025e-04	4.967886e+00	1.000000e+00
8.045250000000025e-04	4.967937e+00	1.000000e+00
8.045750000000026e-04	4.967988e+00	1.000000e+00
8.046250000000026e-04	4.968040e+00	1.000000e+00
8.046750000000026e-04	4.968091e+00	1.000000e+00
8.047250000000027e-04	4.968142e+00	1.000000e+00
8.047750000000027e-04	4.968193e+00	1.000000e+00
8.048250000000027e-04	4.968244e+00	1.000000e+00
8.048750000000027e-04	4.968295e+00	1.000000e+00
8.049250000000028e-04	4.968346e+00	1.000000e+00
8.050250000000028e-04	4.968448e+00	1.000000e+00
8.051250000000029e-04	4.968550e+00	1.000000e+00
8.051892857142886e-04	4.968616e+00	1.000000e+00
8.052535714285744e-04	4.968681e+00	1.000000e+00
8.053178571428601e-04	4.968746e+00	1.000000e+00
8.053821428571459e-04	4.968811e+00	1.000000e+00
8.054464285714316e-04	4.968876e+00	1.000000e+00
8.055107142857174e-04	4.968941e+00	1.000000e+00
8.055750000000031e-04	4.969007e+00	1.000000e+00
8.056892857142889e-04	4.969122e+00	1.000000e+00
8.058035714285747e-04	4.969236e+00	1.000000e+00
8.059178571428604e-04	4.969351e+00	1.000000e+00
8.060321428571463e-04	4.969464e+00	1.000000e+00
8.061464285714320e-04	4.969578e+00	1.000000e+00
8.062607142857179e-04	4.969690e+00	1.000000e+00
8.063750000000036e-04	4.969803e+00	1.000000e+00
8.065035714285751e-04	4.969928e+00	1.000000e+00
8.066321428571466e-04	4.970053e+00	1.000000e+00
8.067607142857181e-04	4.970177e+00	1.000000e+00
8.068892857142896e-04	4.970300e+00	1.000000e+00
8.070178571428611e-04	4.970422e+00	1.000000e+00
8.071464285714326e-04	4.970543e+00	1.000000e+00
8.072750000000041e-04	4.970663e+00	1.000000e+00
8.074035714285756e-04	4.970782e+00	1.000000e+00
8.075321428571471e-04	4.970900e+00	1.000000e+00
8.076607142857187e-04	4.971018e+00	1.000000e+00
8.077892857142901e-04	4.971134e+00	1.000000e+00
8.079178571428616e-04	4.971250e+00	1.000000e+00
8.080464285714331e-04	4.971364e+00	1.000000e+00
8.081750000000046e-04	4.971478e+00	1.000000e+00
8.084035714285762e-04	4.971677e+00	1.000000e+00
8.086321428571478e-04	4.971874e+00	1.000000e+00
8.088607142857193e-04	4.972068e+00	1.000000e+00
8.090892857142908e-04	4.972259e+00	1.000000e+00
8.093178571428624e-04	4.972447e+00	1.000000e+00
8.095464285714339e-04	4.972632e+00	1.000000e+00
8.097750000000055e-04	4.972814e+00	1.000000e+00
8.099892857142913e-04	4.972982e+00	1.000000e+00
8.102035714285772e-04	4.973148e+00	1.000000e+00
8.104178571428630e-04	4.973312e+00	1.000000e+00
8.106321428571488e-04	4.973473e+00	1.000000e+00
8.108464285714346e-04	4.973631e+00	1.000000e+00
8.110607142857205e-04	4.973787e+00	1.000000e+00
8.112750000000063e-04	4.973941e+00	1.000000e+00
8.116250000000065e-04	4.974186e+00	1.000000e+00
8.119750000000067e-04	4.974426e+00	1.000000e+00
8.123250000000069e-04	4.974659e+00	1.000000e+00
8.126750000000071e-04	4.974886e+00	1.000000e+00
8.130250000000073e-04	4.975107e+00	1.000000e+00
8.133750000000075e-04	4.975322e+00	1.000000e+00
8.137250000000076e-04	4.975531e+00	1.000000e+00
8.142464285714365e-04	4.975831e+00	1.000000e+00
8.147678571428654e-04	4.976121e+00	1.000000e+00
8.152892857142942e-04	4.976400e+00	1.000000e+00
8.158107142857232e-04	4.976668e+00	1.000000e+00
8.163321428571520e-04	4.976926e+00	1.000000e+00
8.168535714285809e-04	4.977173e+00	1.000000e+00
8.173750000000097e-04	4.977410e+00	1.000000e+00
8.174250000000097e-04	4.977432e+00	1.000000e+00
8.183892857142960e-04	4.977841e+00	1.000000e+00
8.193535714285823e-04	4.978230e+00	1.000000e+00
8.203178571428685e-04	4.978598e+00	1.000000e+00
8.212821428571548e-04	4.978946e+00	1.000000e+00
8.222464285714410e-04	4.979274e+00	1.000000e+00
8.232107142857274e-04	4.979581e+00	1.000000e+00
8.241750000000136e-04	4.979868e+00	1.000000e+00
8.248321428571568e-04	4.980059e+00	1.000000e+00
8.254892857143000e-04	4.980246e+00	1.000000e+00
8.261464285714432e-04	4.980428e+00	1.000000e+00
8.268035714285865e-04	4.980606e+00	1.000000e+00
8.274607142857298e-04	4.980780e+00	1.000000e+00
8.281178571428729e-04	4.980949e+00	1.000000e+00
8.287750000000162e-04	4.981114e+00	1.000000e+00
8.293607142857308e-04	4.981259e+00	1.000000e+00
8.299464285714454e-04	4.981401e+00	1.000000e+00
8.305321428571601e-04	4.981542e+00	1.000000e+00
8.311178571428746e-04	4.981682e+00	1.000000e+00
8.317035714285893e-04	4.981819e+00	1.000000e+00
8.322892857143038e-04	4.981954e+00	1.000000e+00
8.328750000000185e-04	4.982088e+00	1.000000e+00
8.334607142857332e-04	4.982220e+00	1.000000e+00
8.340464285714477e-04	4.982351e+00	1.000000e+00
8.346321428571624e-04	4.982480e+00	1.000000e+00
8.352178571428769e-04	4.982609e+00	1.000000e+00
8.358035714285916e-04	4.982737e+00	1.000000e+00
8.363892857143062e-04	4.982863e+00	1.000000e+00
8.369750000000208e-04	4.982989e+00	1.000000e+00
8.376250000000212e-04	4.983127e+00	1.000000e+00
8.382750000000216e-04	4.983264e+00	1.000000e+00
8.389250000000219e-04	4.983400e+00	1.000000e+00
8.395750000000223e-04	4.983536e+00	1.000000e+00
8.402250000000227e-04	4.983670e+00	1.000000e+00
8.408750000000230e-04	4.983803e+00	1.000000e+00
8.415250000000234e-04	4.983936e+00	1.000000e+00
8.423750000000239e-04	4.984108e+00	1.000000e+00
8.432250000000244e-04	4.984278e+00	1.000000e+00
8.440750000000248e-04	4.984448e+00	1.000000e+00
8.449250000000253e-04	4.984616e+00	1.000000e+00
8.457750000000258e-04	4.984783e+00	1.000000e+00
8.466250000000263e-04	4.984948e+00	1.000000e+00
8.474750000000268e-04	4.985112e+00	1.000000e+00
8.491535714285992e-04	4.985433e+00	1.000000e+00
8.508321428571716e-04	4.985748e+00	1.000000e+00
8.525107142857440e-04	4.986059e+00	1.000000e+00
8.541892857143162e-04	4.986366e+00	1.000000e+00
8.558678571428886e-04	4.986668e+00	1.000000e+00
8.575464285714610e-04	4.986965e+00	1.000000e+00
8.592250000000334e-04	4.987257e+00	1.000000e+00
8.605607142857485e-04	4.987486e+00	1.000000e+00
8.618964285714635e-04	4.987713e+00	1.000000e+00
8.632321428571786e-04	4.987936e+00	1.000000e+00
8.645678571428936e-04	4.988157e+00	1.000000e+00
8.659035714286086e-04	4.988375e+00	1.000000e+00
8.672392857143236e-04	4.988590e+00	1.000000e+00
8.685750000000387e-04	4.988803e+00	1.000000e+00
8.686250000000387e-04	4.988811e+00	1.000000e+00
8.759321428571858e-04	4.989913e+00	1.000000e+00
8.832392857143327e-04	4.990951e+00	1.000000e+00
8.905464285714797e-04	4.991925e+00	1.000000e+00
8.978535714286267e-04	4.992835e+00	1.000000e+00
9.051607142857738e-04	4.993680e+00	1.000000e+00
9.124678571429207e-04	4.994461e+00	1.000000e+00
9.197750000000677e-04	4.995178e+00	1.000000e+00
9.198250000000677e-04	4.995183e+00	1.000000e+00
9.271321428572148e-04	4.995853e+00	1.000000e+00
9.344392857143617e-04	4.996484e+00	1.000000e+00
9.417464285715087e-04	4.997076e+00	1.000000e+00
9.490535714286557e-04	4.997628e+00	1.000000e+00
9.563607142858028e-04	4.998142e+00	1.000000e+00
9.636678571429497e-04	4.998617e+00	1.000000e+00
9.709750000000967e-04	4.999053e+00	1.000000e+00
9.710250000000967e-04	4.999055e+00	1.000000e+00
9.751535714286633e-04	4.999291e+00	1.000000e+00
9.792821428572299e-04	4.999518e+00	1.000000e+00
9.834107142857964e-04	4.999736e+00	1.000000e+00
9.875392857143629e-04	4.999946e+00	1.000000e+00
9.916678571429294e-04	5.000148e+00	1.000000e+00
9.957964285714960e-04	5.000341e+00	1.000000e+00
9.999250000000625e-04	5.000526e+00	1.000000e+00
9.999750000000624e-04	5.000528e+00	1.000000e+00
1.000000000000000e-03	5.000529e+00	1.000000e+00
